0.00536786394
0.0040073658
0.003351782209
0.002963287314
0.002643286084
0.002398620197
0.00220119689
0.002040818614
0.001918604084
0.001817541055
0.001733221589
0.001605020135
0.00149430481
0.001398179401
0.001323000276
0.001236672905
0.00116029645
0.001094574589
0.001028040274
0.0009567200066
0.0009000209699
0.0008422531311
0.0007877184264
0.0007431772
0.0006952616114
0.000651952153
0.0006113187066
0.0005766395983
0.0005450738536
0.0005175184331
0.0004947565569
0.0004745929307
0.0004586054291
0.0004459976811
0.0004373439463
0.0004321889175
0.0004298568667
0.0004313814718
0.0004367168155
0.0004451240847
0.0004574337271
0.0004736984713
0.0004936671652
0.0005175601941
0.0005457756392
0.0005784020281
0.0006157752114
0.0006583200364
0.0007051003864
0.0007559731743
0.0008114567355
0.0008705070742
0.0009325638092
0.0009980742607
0.001067486681
0.001138498694
0.0011980826
0.001229954244
0.001219565619
0.001154532608
0.001065413692
0.001015611799
0.0009935028601
0.0009752041016
0.0009339510682
0.000847864762
0.0007543423972
0.0006662528494
0.0005892778096
0.0005204764214
0.0004601306694
0.0004090998394
0.0003660445451
0.0003263897145
0.0003010879112
0.0002828356958
0.0002742034743
0.0002687176817
0.0002736745833
0.0002807320149
0.0002936341879
0.0003070765886
0.0003249694092
0.000342791847
0.0003610104466
0.0003801220603
0.0004058391449
0.0004400346547
0.0004799381247
0.0005200632386
0.0005636075108
0.0006270269241
