0.00875141821
0.004780755914
0.003450498541
0.002781413539
0.002377415947
0.002106345666
0.001911484782
0.001764425855
0.001649355491
0.001556764491
0.001480586898
0.001362494441
0.001275050515
0.001207591591
0.001153907993
0.001091133515
0.001042967384
0.001004804198
0.0009647139183
0.0009264344258
0.0008970086731
0.0008695673723
0.0008449221946
0.000825703218
0.0008064317112
0.0007899325887
0.0007747234585
0.0007620610655
0.0007507742779
0.0007409029459
0.0007323644804
0.000724409648
0.000717764506
0.0007118167291
0.0007066057477
0.0007019906011
0.0006978931608
0.0006943894192
0.0006912576956
0.0006885200388
0.0006861293739
0.0006840455391
0.0006822159233
0.0006806065298
0.0006791926502
0.0006779539788
0.0006768722883
0.0006759216543
0.0006750921346
0.0006743666849
0.0006737285014
0.0006731713606
0.0006726840827
0.0006722564537
0.0006718827825
0.0006715565746
0.0006712713289
0.0006710226742
0.0006708064209
0.0006706183365
0.0006704560879
0.0006703167366
0.0006701983722
0.0006700995367
0.000670019244
0.0006699570561
0.0006699132608
0.0006698887539
0.000669885372
0.0006699059845
0.0006699547713
0.0006700376179
0.0006701624695
0.0006703400259
0.0006705844586
0.0006709145409
0.0006713548293
0.0006719374085
0.0006727043912
0.0006737104684
0.00067502661
0.000676745107
0.0006789851493
0.0006819008077
0.0006856899103
0.0006906054472
0.0006969696982
0.0007051894226
0.0007157748647
0.0007293571139
0.0007467095664
0.0007687634672
