0.004959654313
0.009919308626
0.01487896294
0.01983861725
0.02479827156
0.02975792588
0.03471758019
0.0396772345
0.04463688882
0.04959654313
0.05455619744
0.06447550607
0.07439481469
0.08431412332
0.09423343195
0.1091123949
0.1239913578
0.1388703208
0.158708938
0.1835072096
0.2083054811
0.238063407
0.2727809872
0.3074985674
0.3521354562
0.4017319993
0.4612478511
0.5257233572
0.6001181719
0.6844322952
0.7786657271
0.8927377763
1.016729134
1.160559109
1.324227702
1.512694565
1.730919355
1.973942417
2.256642712
2.579020243
2.946034662
3.362645624
3.838772438
4.384334413
5.009250856
5.723441077
6.536824384
7.469239395
8.530605418
9.740761071
11.12946428
12.711594
14.51690817
16.58508402
18.94587948
21.63897177
24.7189171
28.235312
32.24767234
36.84031224
42.07770719
48.06400995
54.90337324
62.71482879
71.6372469
81.83429616
93.47460484
106.7763977
121.9678189
139.3216493
159.1404279
181.7862095
207.6508068
237.1954675
270.9409555
309.4923484
353.5291191
403.8249735
461.2825687
526.9186339
601.8887685
687.5271195
785.3463815
897.0873932
1024.729057
1170.528014
1337.073206
1527.310667
1744.62288
1992.848619
2276.397016
2600.28724
