166.7709952
98.28951565
69.63099408
70.1425999
57.17917554
50.73217904
51.68307561
44.82323868
42.15325682
42.7177161
38.34628746
37.11465109
33.50512182
31.22138606
30.27554315
28.0108742
26.19161137
24.71469162
23.16774667
21.49447322
20.29740053
18.93114885
17.74875269
16.74797521
15.64651079
14.77918768
13.85951694
12.97607506
12.22802092
11.47935775
10.78027002
10.10397509
9.4961608
8.917839723
8.406601099
7.925585612
7.480102988
7.091207774
6.723019026
6.379279015
6.061121864
5.782271613
5.518623945
5.292210802
5.095763498
4.917108521
4.755004634
4.611989545
4.478541348
4.359985378
4.25574718
4.154736596
4.048167982
3.941859991
3.834301542
3.730683808
3.6482354
3.584251201
3.530107801
3.476360771
3.427059802
3.368552878
3.292567263
3.21573726
3.13845014
3.037725065
2.897629179
2.737748014
2.566512014
2.376972639
2.175047491
1.984356547
1.836316957
1.695681323
1.546466829
1.376288966
1.195671758
1.041211341
0.9187458688
0.834427947
0.7768889213
0.6960619672
0.5742457364
0.5209954198
0.4730342983
0.4145363346
0.3593480761
0.3344314162
0.2808342306
0.1852714989
0.2132352058
0.2032281956
