359.5740868
183.7663266
125.119374
95.76466258
78.12832542
66.35229491
57.92588639
51.59369249
46.65821343
42.70090834
39.45539973
34.44394979
30.74924878
27.90803739
25.6519448
23.01771141
20.99735562
19.39523704
17.70849006
16.09102018
14.8399864
13.66414329
12.59730609
11.7556256
10.90021456
10.15603286
9.457548382
8.864449612
8.324714384
7.842165358
7.415188847
7.007787006
6.659014154
6.339158697
6.051977711
5.791372661
5.554353775
5.346893569
5.157257731
4.987856594
4.836861376
4.702684878
4.582733895
4.475427687
4.379668179
4.29455173
4.219228904
4.152223141
4.093102573
4.040875863
3.994507409
3.95368522
3.91770455
3.885898925
3.857913092
3.833313593
3.811648628
3.792612493
3.775900677
3.76119177
3.748299251
3.736975436
3.727037899
3.718322196
3.710679174
3.703974936
3.698101978
3.692952574
3.688441127
3.684488167
3.681025961
3.67799254
3.675336538
3.673011184
3.670976046
3.669195236
3.667637998
3.666277455
3.665089793
3.664054785
3.663155068
3.662375692
3.661704256
3.661130565
3.660646744
3.66024718
3.659928599
3.659690347
3.659534681
3.659467313
3.65949808
3.659641915
