0.005198262096
0.004064639608
0.00334046129
0.002910877094
0.002601821015
0.002329661429
0.002115971891
0.001961128618
0.001836451002
0.001734504656
0.001658054199
0.001532058128
0.001421676402
0.001328445622
0.001257744498
0.001169597988
0.001096089892
0.001033393219
0.0009655322297
0.0009003845505
0.0008454799677
0.0007942917958
0.0007463782961
0.0007079039551
0.0006671420723
0.0006311209648
0.0005976099376
0.000570227809
0.0005458365812
0.0005254904583
0.0005095757721
0.0004966184819
0.0004879981151
0.0004830119845
0.0004821557515
0.0004851350861
0.00049199333
0.0005017610551
0.0005145916951
0.0005309082877
0.0005508541099
0.0005738214023
0.0006000128408
0.0006294775981
0.0006619625267
0.0006981478877
0.0007394047351
0.0007867553629
0.0008393851543
0.0008967796316
0.0009587954127
0.001022939072
0.001087899581
0.001154762968
0.001226104997
0.0013026135
0.001369361778
0.00140663747
0.001398851806
0.00133293468
0.001249060039
0.001210446748
0.001198538852
0.001185073319
0.001140358487
0.001042698374
0.0009412045192
0.000846079542
0.0007625797279
0.0006903258456
0.0006253746875
0.000564317168
0.0005075803445
0.0004578921392
0.0004168821527
0.0003868567492
0.0003701971277
0.0003621082858
0.0003665114446
0.0003781265119
0.000394067242
0.0004117948064
0.0004366812957
0.0004639974603
0.0004926259079
0.0005270057651
0.00057611302
0.0006411014941
0.000722684251
0.0008230690369
0.0009345129465
0.001056876447
