0.00967015866
0.00522153927
0.003730765552
0.002980570559
0.002527273765
0.002222851739
0.002003786755
0.001838269365
0.001708594009
0.001604114232
0.001518038685
0.001384330815
0.001285043936
0.001208233009
0.001146938299
0.00107502843
0.001019642026
0.0009756006058
0.0009291573114
0.0008846109249
0.0008502113753
0.0008179899084
0.0007889187216
0.0007661499982
0.0007432227517
0.0007235093787
0.0007052616398
0.0006900093066
0.000676364311
0.0006643895495
0.0006539989677
0.0006442898292
0.0006361568872
0.0006288594564
0.0006224515115
0.0006167645672
0.0006117060683
0.0006073732486
0.0006034946651
0.0006000995366
0.0005971311634
0.0005945410039
0.0005922646765
0.0005902606464
0.0005884987414
0.0005869541292
0.0005856044536
0.000584417652
0.0005833815294
0.0005824749641
0.0005816770771
0.0005809801742
0.0005803703323
0.0005798348023
0.0005793664686
0.0005789571839
0.0005785987603
0.0005782856488
0.0005780124905
0.0005777738169
0.0005775665013
0.000577386567
0.0005772312413
0.0005770981999
0.0005769855515
0.0005768918811
0.0005768164482
0.0005767588916
0.0005767196171
0.0005766997207
0.0005767012048
0.000576727171
0.0005767820777
0.0005768721189
0.0005770056803
0.0005771940229
0.0005774520192
0.0005777992255
0.0005782614288
0.0005788722466
0.000579675444
0.0005807281099
0.0005821042198
0.0005838997614
0.0005862385522
0.0005892798318
0.0005932278761
0.0005983427741
0.0006049543055
0.0006134757929
0.0006244217877
0.0006384234942
