361.1222482
168.977089
90.58588301
132.1806539
92.59983549
73.34913347
88.09743899
59.84438633
51.83198838
62.61659506
42.35791772
49.51492846
37.26113869
30.55794587
34.14195049
31.07865057
27.43121349
24.26301819
23.2913232
20.89271404
20.62787906
18.73713961
17.93352452
17.1040753
15.74563216
15.44408239
14.5594475
13.35259117
12.92642704
12.15442632
11.35365697
10.73509702
10.20500592
9.682338488
9.308895647
8.838473744
8.431329741
8.03146579
7.607578799
7.192510562
6.802960557
6.466166705
6.154477558
5.880655809
5.648825074
5.437023073
5.238237212
5.078378658
4.931686427
4.79659485
4.684637193
4.578379876
4.464068336
4.348142466
4.241632066
4.140039616
4.069425267
3.981981542
3.869650651
3.731809407
3.533594672
3.260053524
2.953197015
2.639944209
2.336876746
2.090186166
1.874257259
1.670290529
1.479078546
1.273844974
1.0688067
0.9222360744
0.8575885166
0.7439555982
0.6781254307
0.6167091932
0.5282933457
0.4801433023
0.4440603459
0.3935604838
0.345137875
0.3139190889
0.2535875465
0.2363081884
0.1956820034
0.1787996859
0.156133666
0.150645822
0.1320534077
0.1094500916
0.09131014624
0.08311524109
