237.4294386
125.7277941
88.26118057
69.3784782
57.94509688
50.24688423
44.6903942
40.47779675
37.16509067
34.48533443
32.26826264
28.80175587
26.20328383
24.1732452
22.53695585
20.59312174
19.07283929
17.84544344
16.52856792
15.23783035
14.21751517
13.23824802
12.33032744
11.59926961
10.84133404
10.16833328
9.523880781
8.965979056
8.448947447
7.97851615
7.555287876
7.144864757
6.787985255
6.455871335
6.153454714
5.875299149
5.619009019
5.391900986
5.181867888
4.99213514
4.821219512
4.667822163
4.529398267
4.404469866
4.29205785
4.191364986
4.101618143
4.0212519
3.949911469
3.886540355
3.829994011
3.779985137
3.735729138
3.696469403
3.661819274
3.631285421
3.604342694
3.580640799
3.559826404
3.541522248
3.525517823
3.511527083
3.499347481
3.488802972
3.479743013
3.472045513
3.465632453
3.460443742
3.456467137
3.453727585
3.452300877
3.452320845
3.45399433
3.457617154
3.463596725
3.472483425
3.485003632
3.5021056
3.525023904
3.555337776
3.595050552
3.646689525
3.713390865
3.799011792
3.908207519
4.046504103
4.22035623
4.437138093
4.705154463
5.033560964
5.432398403
5.91256122
