142.4527475
88.35505719
68.45338021
57.62581549
50.63728419
45.67019977
41.91451807
38.94989873
36.53448217
34.51826578
32.80275874
30.02281305
27.84998385
26.09199073
24.63211193
22.84312292
21.39871823
20.20115738
18.88276186
17.55447932
16.47752137
15.42009271
14.41767074
13.59424803
12.72435683
11.93732566
11.16995374
10.49403966
9.857288536
9.268550439
8.730547871
8.200508429
7.732224697
7.289514343
6.879849431
6.496805426
6.13783226
5.814194585
5.509577386
5.229367744
4.972252641
4.737149368
4.520967102
4.322124615
4.139764224
3.97328786
3.822106362
3.684218232
3.559606109
3.4469852
3.344806985
3.252991615
3.170501637
3.096269717
3.029862177
2.970594112
2.917663973
2.870564143
2.828742166
2.79155841
2.758677501
2.729580811
2.703892488
2.681265342
2.661378442
2.643941388
2.62872744
2.615508337
2.604116275
2.594406797
2.586277814
2.579660695
2.574537974
2.57093775
2.568947797
2.56872573
2.570515476
2.574665669
2.581657862
2.592136872
2.606949848
2.627198512
2.654291924
2.690017158
2.736604773
2.796801274
2.873942847
2.972002042
3.095636647
3.250179386
3.441652382
3.676720202
