263.0985474
133.4877602
83.3360789
104.2691174
76.55547177
61.52301209
68.09537713
49.00453005
43.34811208
49.68946897
37.63968704
41.02724164
33.37297807
29.18142428
30.22273112
27.47572275
25.27002265
23.55495906
22.1716519
20.8333022
20.25641232
19.16354758
18.54498185
17.97077661
17.12146214
16.76604607
16.13997042
15.34741329
14.85450481
14.16601028
13.43553293
12.71803113
12.04334734
11.3785363
10.8215997
10.24907665
9.703648201
9.19578113
8.688227561
8.185701668
7.687049186
7.2283296
6.777871182
6.337825483
5.909445156
5.472346741
5.081836324
4.755392684
4.433284696
4.149240589
3.955202822
3.744052458
3.497334139
3.245344487
3.020144364
2.791433985
2.610977373
2.439938789
2.27733681
2.119545876
1.912824075
1.662337903
1.419135833
1.188401877
1.002777797
0.8720277413
0.8002309184
0.7387810049
0.6799423052
0.6382568691
0.6180876859
0.5779844567
0.517796088
0.4556279859
0.4126625724
0.3502747734
0.3045158972
0.2741452166
0.2410177766
0.2049347971
0.1756858987
0.1484925543
0.1386513053
0.1288491534
0.1243786516
0.1247737516
0.1184725887
0.1123769538
0.1056166417
0.09201061522
0.08389537522
0.07309454394
