0.008605336114
0.007200407508
0.004570545692
0.003780836622
0.003478096693
0.002974309468
0.00249530707
0.002223672786
0.002099845185
0.001992866024
0.00191411941
0.001793541422
0.001582677775
0.001484985192
0.001399344184
0.001311473644
0.001202399503
0.001144966095
0.001074110969
0.001001605979
0.0009483310914
0.0009005218538
0.0008562066183
0.0008257399851
0.0007993858149
0.0007834108029
0.0007761748565
0.0007800064066
0.0007935083401
0.0008168304746
0.0008487378801
0.0008920574585
0.0009417320967
0.0009998223734
0.00106510673
0.001137729555
0.001217363042
0.001299867413
0.001386727353
0.001473416211
0.00155687846
0.001634833628
0.001706286089
0.001770419134
0.001827475667
0.001878888267
0.001926672961
0.001972443064
0.002015899934
0.002055937654
0.002089866644
0.002116901465
0.002136835885
0.002150339251
0.002160568179
0.002170155092
0.002176847267
0.002175467731
0.002161776563
0.002137179481
0.002107233713
0.002080380734
0.002062412241
0.002060377786
0.002065391326
0.002067323917
0.002051158635
0.001991307476
0.001888001848
0.001755210434
0.001617492374
0.00149753341
0.001388353804
0.001297444792
0.001237892056
0.001197831768
0.001174791816
0.001170505395
0.001162520651
0.001123659747
0.00104030402
0.0009095943854
0.000794731057
0.0006737563367
0.0005649250841
0.0004918967633
0.0004719267333
0.0004593135827
0.0004453950336
0.0004166983642
0.0003935720455
0.0004362824564
