0.01757813826
0.009198307219
0.006447254105
0.005098994905
0.004308652078
0.003794923585
0.003437535429
0.003176583097
0.00297896968
0.002824978788
0.002702172084
0.002519861937
0.002392196274
0.002298613109
0.002227530739
0.002148580825
0.002091294777
0.002048073303
0.002004844882
0.001965745629
0.001937192203
0.001911778579
0.001889977821
0.001873662126
0.001857913988
0.001844924276
0.001833356928
0.001824026437
0.001815940652
0.001809048218
0.001803221846
0.001797907048
0.001793551243
0.001789717468
0.001786409068
0.001783518347
0.00178098293
0.001778838061
0.001776939039
0.001775293004
0.001773866343
0.001772631003
0.001771552736
0.001770609252
0.001769784344
0.001769064832
0.001768439098
0.001767891392
0.001767415445
0.00176700109
0.001766638516
0.001766324099
0.001766051545
0.001765815306
0.001765612542
0.001765440164
0.001765295381
0.001765176861
0.00176508377
0.001765015885
0.001764974468
0.001764961523
0.001764980628
0.00176503703
0.001765138139
0.001765294208
0.001765518728
0.001765830136
0.001766252357
0.00176681716
0.001767565897
0.001768553329
0.001769850015
0.00177154855
0.001773769124
0.001776668711
0.00178045021
0.00178537604
0.001791787255
0.001800121903
0.001810941255
0.001824964265
0.001843102032
0.001866505263
0.001896609071
0.00193518415
0.001984390501
0.002046815675
0.002125515539
0.002224016903
0.002346333313
0.002496936942
